# Shape: (12, 12, 12)

# Layer z=0
(0,0,0,0) (0,0,0,0) (0,0,0,0) (0,0,0,0) (0,0,0,0) (0,0,0,0) (0,0,0,0) (0,0,0,0) (0,0,0,0) (0,0,0,0) (0,0,0,0) (0,0,0,0)
(0,0,0,0) (0,0,0,0) (0,0,0,0) (0,0,0,0) (0,0,0,0) (0,0,0,0) (0,0,0,0) (0,0,0,0) (0,0,0,0) (0,0,0,0) (0,0,0,0) (0,0,0,0)
(0,0,0,0) (0,0,0,0) (0,0,0,0) (0,0,0,0) (0,0,0,0) (0,0,0,0) (0,0,0,0) (0,0,0,0) (0,0,0,0) (0,0,0,0) (0,0,0,0) (0,0,0,0)
(0,0,0,0) (0,0,0,0) (0,0,0,0) (80,117,218,255) (80,117,218,255) (80,117,218,255) (80,117,218,255) (80,117,218,255) (80,117,218,255) (0,0,0,0) (0,0,0,0) (0,0,0,0)
(0,0,0,0) (0,0,0,0) (0,0,0,0) (96,136,255,255) (96,136,255,255) (96,136,255,255) (96,136,255,255) (96,136,255,255) (96,136,255,255) (0,0,0,0) (0,0,0,0) (0,0,0,0)
(0,0,0,0) (0,0,0,0) (0,0,0,0) (0,0,0,0) (0,0,0,0) (0,0,0,0) (0,0,0,0) (0,0,0,0) (0,0,0,0) (0,0,0,0) (0,0,0,0) (0,0,0,0)
(0,0,0,0) (0,0,0,0) (0,0,0,0) (96,136,255,255) (96,136,255,255) (96,136,255,255) (96,136,255,255) (96,136,255,255) (96,136,255,255) (0,0,0,0) (0,0,0,0) (0,0,0,0)
(0,0,0,0) (0,0,0,0) (0,0,0,0) (80,117,218,255) (80,117,218,255) (80,117,218,255) (80,117,218,255) (80,117,218,255) (80,117,218,255) (0,0,0,0) (0,0,0,0) (0,0,0,0)
(0,0,0,0) (0,0,0,0) (0,0,0,0) (0,0,0,0) (0,0,0,0) (0,0,0,0) (0,0,0,0) (0,0,0,0) (0,0,0,0) (0,0,0,0) (0,0,0,0) (0,0,0,0)
(0,0,0,0) (0,0,0,0) (0,0,0,0) (0,0,0,0) (0,0,0,0) (0,0,0,0) (0,0,0,0) (0,0,0,0) (0,0,0,0) (0,0,0,0) (0,0,0,0) (0,0,0,0)
(0,0,0,0) (0,0,0,0) (0,0,0,0) (0,0,0,0) (0,0,0,0) (0,0,0,0) (0,0,0,0) (0,0,0,0) (0,0,0,0) (0,0,0,0) (0,0,0,0) (0,0,0,0)
(0,0,0,0) (0,0,0,0) (0,0,0,0) (0,0,0,0) (0,0,0,0) (0,0,0,0) (0,0,0,0) (0,0,0,0) (0,0,0,0) (0,0,0,0) (0,0,0,0) (0,0,0,0)

# Layer z=1
(0,0,0,0) (0,0,0,0) (0,0,0,0) (0,0,0,0) (0,0,0,0) (0,0,0,0) (0,0,0,0) (0,0,0,0) (0,0,0,0) (0,0,0,0) (0,0,0,0) (0,0,0,0)
(0,0,0,0) (0,0,0,0) (0,0,0,0) (0,0,0,0) (0,0,0,0) (0,0,0,0) (0,0,0,0) (0,0,0,0) (0,0,0,0) (0,0,0,0) (0,0,0,0) (0,0,0,0)
(0,0,0,0) (0,0,0,0) (0,0,0,0) (0,0,0,0) (0,0,0,0) (0,0,0,0) (0,0,0,0) (0,0,0,0) (0,0,0,0) (0,0,0,0) (0,0,0,0) (0,0,0,0)
(0,0,0,0) (80,117,218,255) (80,117,218,255) (96,136,255,255) (96,136,255,255) (96,136,255,255) (96,136,255,255) (96,136,255,255) (96,136,255,255) (80,117,218,255) (80,117,218,255) (0,0,0,0)
(0,0,0,0) (96,136,255,255) (96,136,255,255) (255,200,35,255) (255,200,35,255) (255,200,35,255) (255,200,35,255) (255,200,35,255) (255,200,35,255) (96,136,255,255) (96,136,255,255) (0,0,0,0)
(0,0,0,0) (0,0,0,0) (0,0,0,0) (80,117,218,255) (80,117,218,255) (80,117,218,255) (80,117,218,255) (80,117,218,255) (80,117,218,255) (0,0,0,0) (0,0,0,0) (0,0,0,0)
(0,0,0,0) (96,136,255,255) (96,136,255,255) (255,200,35,255) (255,200,35,255) (255,200,35,255) (255,200,35,255) (255,200,35,255) (255,200,35,255) (96,136,255,255) (96,136,255,255) (0,0,0,0)
(0,0,0,0) (80,117,218,255) (80,117,218,255) (96,136,255,255) (96,136,255,255) (96,136,255,255) (96,136,255,255) (96,136,255,255) (96,136,255,255) (80,117,218,255) (80,117,218,255) (0,0,0,0)
(0,0,0,0) (0,0,0,0) (0,0,0,0) (0,0,0,0) (0,0,0,0) (0,0,0,0) (0,0,0,0) (0,0,0,0) (0,0,0,0) (0,0,0,0) (0,0,0,0) (0,0,0,0)
(0,0,0,0) (0,0,0,0) (0,0,0,0) (0,0,0,0) (0,0,0,0) (0,0,0,0) (0,0,0,0) (0,0,0,0) (0,0,0,0) (0,0,0,0) (0,0,0,0) (0,0,0,0)
(0,0,0,0) (0,0,0,0) (0,0,0,0) (0,0,0,0) (0,0,0,0) (0,0,0,0) (0,0,0,0) (0,0,0,0) (0,0,0,0) (0,0,0,0) (0,0,0,0) (0,0,0,0)
(0,0,0,0) (0,0,0,0) (0,0,0,0) (0,0,0,0) (0,0,0,0) (0,0,0,0) (0,0,0,0) (0,0,0,0) (0,0,0,0) (0,0,0,0) (0,0,0,0) (0,0,0,0)

# Layer z=2
(0,0,0,0) (0,0,0,0) (0,0,0,0) (0,0,0,0) (0,0,0,0) (0,0,0,0) (0,0,0,0) (0,0,0,0) (0,0,0,0) (0,0,0,0) (0,0,0,0) (0,0,0,0)
(0,0,0,0) (0,0,0,0) (0,0,0,0) (0,0,0,0) (0,0,0,0) (0,0,0,0) (0,0,0,0) (0,0,0,0) (0,0,0,0) (0,0,0,0) (0,0,0,0) (0,0,0,0)
(0,0,0,0) (0,0,0,0) (0,0,0,0) (0,0,0,0) (0,0,0,0) (0,0,0,0) (0,0,0,0) (0,0,0,0) (0,0,0,0) (0,0,0,0) (0,0,0,0) (0,0,0,0)
(0,0,0,0) (80,117,218,255) (96,136,255,255) (96,136,255,255) (0,0,0,0) (0,0,0,0) (0,0,0,0) (0,0,0,0) (96,136,255,255) (96,136,255,255) (80,117,218,255) (0,0,0,0)
(0,0,0,0) (96,136,255,255) (255,200,35,255) (255,200,35,255) (80,117,218,255) (80,117,218,255) (80,117,218,255) (80,117,218,255) (255,200,35,255) (255,200,35,255) (96,136,255,255) (0,0,0,0)
(0,0,0,0) (0,0,0,0) (80,117,218,255) (255,200,35,255) (255,200,35,255) (255,200,35,255) (255,200,35,255) (255,200,35,255) (255,200,35,255) (80,117,218,255) (0,0,0,0) (0,0,0,0)
(0,0,0,0) (96,136,255,255) (255,200,35,255) (255,200,35,255) (80,117,218,255) (80,117,218,255) (80,117,218,255) (80,117,218,255) (255,200,35,255) (255,200,35,255) (96,136,255,255) (0,0,0,0)
(0,0,0,0) (80,117,218,255) (96,136,255,255) (96,136,255,255) (0,0,0,0) (0,0,0,0) (0,0,0,0) (0,0,0,0) (96,136,255,255) (96,136,255,255) (80,117,218,255) (0,0,0,0)
(0,0,0,0) (0,0,0,0) (0,0,0,0) (0,0,0,0) (0,0,0,0) (0,0,0,0) (0,0,0,0) (0,0,0,0) (0,0,0,0) (0,0,0,0) (0,0,0,0) (0,0,0,0)
(0,0,0,0) (0,0,0,0) (0,0,0,0) (0,0,0,0) (0,0,0,0) (0,0,0,0) (0,0,0,0) (0,0,0,0) (0,0,0,0) (0,0,0,0) (0,0,0,0) (0,0,0,0)
(0,0,0,0) (0,0,0,0) (0,0,0,0) (0,0,0,0) (0,0,0,0) (0,0,0,0) (0,0,0,0) (0,0,0,0) (0,0,0,0) (0,0,0,0) (0,0,0,0) (0,0,0,0)
(0,0,0,0) (0,0,0,0) (0,0,0,0) (0,0,0,0) (0,0,0,0) (0,0,0,0) (0,0,0,0) (0,0,0,0) (0,0,0,0) (0,0,0,0) (0,0,0,0) (0,0,0,0)

# Layer z=3
(0,0,0,0) (0,0,0,0) (0,0,0,0) (0,0,0,0) (0,0,0,0) (0,0,0,0) (0,0,0,0) (0,0,0,0) (0,0,0,0) (0,0,0,0) (0,0,0,0) (0,0,0,0)
(0,0,0,0) (0,0,0,0) (0,0,0,0) (0,0,0,0) (0,0,0,0) (0,0,0,0) (0,0,0,0) (0,0,0,0) (0,0,0,0) (0,0,0,0) (0,0,0,0) (0,0,0,0)
(0,0,0,0) (0,0,0,0) (0,0,0,0) (0,0,0,0) (0,0,0,0) (0,0,0,0) (0,0,0,0) (0,0,0,0) (0,0,0,0) (0,0,0,0) (0,0,0,0) (0,0,0,0)
(80,117,218,255) (96,136,255,255) (96,136,255,255) (0,0,0,0) (0,0,0,0) (0,0,0,0) (0,0,0,0) (0,0,0,0) (0,0,0,0) (96,136,255,255) (96,136,255,255) (80,117,218,255)
(96,136,255,255) (255,200,35,255) (255,200,35,255) (80,117,218,255) (80,117,218,255) (80,117,218,255) (80,117,218,255) (80,117,218,255) (80,117,218,255) (255,200,35,255) (255,200,35,255) (96,136,255,255)
(0,0,0,0) (80,117,218,255) (255,200,35,255) (255,200,35,255) (255,200,35,255) (255,200,35,255) (255,200,35,255) (255,200,35,255) (255,200,35,255) (255,200,35,255) (80,117,218,255) (0,0,0,0)
(96,136,255,255) (255,200,35,255) (255,200,35,255) (80,117,218,255) (80,117,218,255) (80,117,218,255) (80,117,218,255) (80,117,218,255) (80,117,218,255) (255,200,35,255) (255,200,35,255) (96,136,255,255)
(80,117,218,255) (96,136,255,255) (96,136,255,255) (0,0,0,0) (0,0,0,0) (0,0,0,0) (0,0,0,0) (0,0,0,0) (0,0,0,0) (96,136,255,255) (96,136,255,255) (80,117,218,255)
(0,0,0,0) (0,0,0,0) (0,0,0,0) (0,0,0,0) (0,0,0,0) (0,0,0,0) (0,0,0,0) (0,0,0,0) (0,0,0,0) (0,0,0,0) (0,0,0,0) (0,0,0,0)
(0,0,0,0) (0,0,0,0) (0,0,0,0) (0,0,0,0) (0,0,0,0) (0,0,0,0) (0,0,0,0) (0,0,0,0) (0,0,0,0) (0,0,0,0) (0,0,0,0) (0,0,0,0)
(0,0,0,0) (0,0,0,0) (0,0,0,0) (0,0,0,0) (0,0,0,0) (0,0,0,0) (0,0,0,0) (0,0,0,0) (0,0,0,0) (0,0,0,0) (0,0,0,0) (0,0,0,0)
(0,0,0,0) (0,0,0,0) (0,0,0,0) (0,0,0,0) (0,0,0,0) (0,0,0,0) (0,0,0,0) (0,0,0,0) (0,0,0,0) (0,0,0,0) (0,0,0,0) (0,0,0,0)

# Layer z=4
(0,0,0,0) (0,0,0,0) (0,0,0,0) (0,0,0,0) (0,0,0,0) (0,0,0,0) (0,0,0,0) (0,0,0,0) (0,0,0,0) (0,0,0,0) (0,0,0,0) (0,0,0,0)
(0,0,0,0) (0,0,0,0) (0,0,0,0) (0,0,0,0) (0,0,0,0) (0,0,0,0) (0,0,0,0) (0,0,0,0) (0,0,0,0) (0,0,0,0) (0,0,0,0) (0,0,0,0)
(0,0,0,0) (0,0,0,0) (0,0,0,0) (0,0,0,0) (0,0,0,0) (0,0,0,0) (0,0,0,0) (0,0,0,0) (0,0,0,0) (0,0,0,0) (0,0,0,0) (0,0,0,0)
(80,117,218,255) (96,136,255,255) (0,0,0,0) (0,0,0,0) (0,0,0,0) (0,0,0,0) (0,0,0,0) (0,0,0,0) (0,0,0,0) (0,0,0,0) (96,136,255,255) (80,117,218,255)
(96,136,255,255) (255,200,35,255) (80,117,218,255) (80,117,218,255) (80,117,218,255) (80,117,218,255) (80,117,218,255) (80,117,218,255) (80,117,218,255) (80,117,218,255) (255,200,35,255) (96,136,255,255)
(0,0,0,0) (80,117,218,255) (255,200,35,255) (255,200,35,255) (255,200,35,255) (255,200,35,255) (255,200,35,255) (255,200,35,255) (255,200,35,255) (255,200,35,255) (80,117,218,255) (0,0,0,0)
(96,136,255,255) (255,200,35,255) (80,117,218,255) (80,117,218,255) (80,117,218,255) (80,117,218,255) (80,117,218,255) (80,117,218,255) (80,117,218,255) (80,117,218,255) (255,200,35,255) (96,136,255,255)
(80,117,218,255) (96,136,255,255) (0,0,0,0) (0,0,0,0) (0,0,0,0) (0,0,0,0) (0,0,0,0) (0,0,0,0) (0,0,0,0) (0,0,0,0) (96,136,255,255) (80,117,218,255)
(0,0,0,0) (0,0,0,0) (0,0,0,0) (0,0,0,0) (0,0,0,0) (0,0,0,0) (0,0,0,0) (0,0,0,0) (0,0,0,0) (0,0,0,0) (0,0,0,0) (0,0,0,0)
(0,0,0,0) (0,0,0,0) (0,0,0,0) (0,0,0,0) (0,0,0,0) (0,0,0,0) (0,0,0,0) (0,0,0,0) (0,0,0,0) (0,0,0,0) (0,0,0,0) (0,0,0,0)
(0,0,0,0) (0,0,0,0) (0,0,0,0) (0,0,0,0) (0,0,0,0) (0,0,0,0) (0,0,0,0) (0,0,0,0) (0,0,0,0) (0,0,0,0) (0,0,0,0) (0,0,0,0)
(0,0,0,0) (0,0,0,0) (0,0,0,0) (0,0,0,0) (0,0,0,0) (0,0,0,0) (0,0,0,0) (0,0,0,0) (0,0,0,0) (0,0,0,0) (0,0,0,0) (0,0,0,0)

# Layer z=5
(0,0,0,0) (0,0,0,0) (0,0,0,0) (0,0,0,0) (0,0,0,0) (0,0,0,0) (0,0,0,0) (0,0,0,0) (0,0,0,0) (0,0,0,0) (0,0,0,0) (0,0,0,0)
(0,0,0,0) (0,0,0,0) (0,0,0,0) (0,0,0,0) (0,0,0,0) (0,0,0,0) (0,0,0,0) (0,0,0,0) (0,0,0,0) (0,0,0,0) (0,0,0,0) (0,0,0,0)
(0,0,0,0) (0,0,0,0) (0,0,0,0) (0,0,0,0) (0,0,0,0) (0,0,0,0) (0,0,0,0) (0,0,0,0) (0,0,0,0) (0,0,0,0) (0,0,0,0) (0,0,0,0)
(80,117,218,255) (96,136,255,255) (0,0,0,0) (0,0,0,0) (0,0,0,0) (0,0,0,0) (0,0,0,0) (0,0,0,0) (0,0,0,0) (0,0,0,0) (96,136,255,255) (80,117,218,255)
(96,136,255,255) (255,200,35,255) (80,117,218,255) (80,117,218,255) (80,117,218,255) (167,193,255,255) (96,136,255,255) (80,117,218,255) (80,117,218,255) (80,117,218,255) (255,200,35,255) (96,136,255,255)
(0,0,0,0) (80,117,218,255) (255,200,35,255) (255,200,35,255) (255,200,35,255) (255,200,35,255) (255,200,35,255) (255,200,35,255) (255,200,35,255) (255,200,35,255) (80,117,218,255) (0,0,0,0)
(96,136,255,255) (255,200,35,255) (80,117,218,255) (80,117,218,255) (80,117,218,255) (167,193,255,255) (96,136,255,255) (80,117,218,255) (80,117,218,255) (80,117,218,255) (255,200,35,255) (96,136,255,255)
(80,117,218,255) (96,136,255,255) (0,0,0,0) (0,0,0,0) (0,0,0,0) (0,0,0,0) (0,0,0,0) (0,0,0,0) (0,0,0,0) (0,0,0,0) (96,136,255,255) (80,117,218,255)
(0,0,0,0) (0,0,0,0) (0,0,0,0) (0,0,0,0) (0,0,0,0) (0,0,0,0) (0,0,0,0) (0,0,0,0) (0,0,0,0) (0,0,0,0) (0,0,0,0) (0,0,0,0)
(0,0,0,0) (0,0,0,0) (0,0,0,0) (0,0,0,0) (0,0,0,0) (0,0,0,0) (0,0,0,0) (0,0,0,0) (0,0,0,0) (0,0,0,0) (0,0,0,0) (0,0,0,0)
(0,0,0,0) (0,0,0,0) (0,0,0,0) (0,0,0,0) (0,0,0,0) (0,0,0,0) (0,0,0,0) (0,0,0,0) (0,0,0,0) (0,0,0,0) (0,0,0,0) (0,0,0,0)
(0,0,0,0) (0,0,0,0) (0,0,0,0) (0,0,0,0) (0,0,0,0) (0,0,0,0) (0,0,0,0) (0,0,0,0) (0,0,0,0) (0,0,0,0) (0,0,0,0) (0,0,0,0)

# Layer z=6
(0,0,0,0) (0,0,0,0) (0,0,0,0) (0,0,0,0) (0,0,0,0) (0,0,0,0) (0,0,0,0) (0,0,0,0) (0,0,0,0) (0,0,0,0) (0,0,0,0) (0,0,0,0)
(0,0,0,0) (0,0,0,0) (0,0,0,0) (0,0,0,0) (0,0,0,0) (0,0,0,0) (0,0,0,0) (0,0,0,0) (0,0,0,0) (0,0,0,0) (0,0,0,0) (0,0,0,0)
(0,0,0,0) (0,0,0,0) (0,0,0,0) (0,0,0,0) (0,0,0,0) (0,0,0,0) (0,0,0,0) (0,0,0,0) (0,0,0,0) (0,0,0,0) (0,0,0,0) (0,0,0,0)
(80,117,218,255) (96,136,255,255) (0,0,0,0) (0,0,0,0) (0,0,0,0) (0,0,0,0) (0,0,0,0) (0,0,0,0) (0,0,0,0) (0,0,0,0) (96,136,255,255) (80,117,218,255)
(96,136,255,255) (255,200,35,255) (80,117,218,255) (80,117,218,255) (80,117,218,255) (96,136,255,255) (167,193,255,255) (80,117,218,255) (80,117,218,255) (80,117,218,255) (255,200,35,255) (96,136,255,255)
(0,0,0,0) (80,117,218,255) (255,200,35,255) (255,200,35,255) (255,200,35,255) (255,200,35,255) (255,200,35,255) (255,200,35,255) (255,200,35,255) (255,200,35,255) (80,117,218,255) (0,0,0,0)
(96,136,255,255) (255,200,35,255) (80,117,218,255) (80,117,218,255) (80,117,218,255) (96,136,255,255) (167,193,255,255) (80,117,218,255) (80,117,218,255) (80,117,218,255) (255,200,35,255) (96,136,255,255)
(80,117,218,255) (96,136,255,255) (0,0,0,0) (0,0,0,0) (0,0,0,0) (0,0,0,0) (0,0,0,0) (0,0,0,0) (0,0,0,0) (0,0,0,0) (96,136,255,255) (80,117,218,255)
(0,0,0,0) (0,0,0,0) (0,0,0,0) (0,0,0,0) (0,0,0,0) (0,0,0,0) (0,0,0,0) (0,0,0,0) (0,0,0,0) (0,0,0,0) (0,0,0,0) (0,0,0,0)
(0,0,0,0) (0,0,0,0) (0,0,0,0) (0,0,0,0) (0,0,0,0) (0,0,0,0) (0,0,0,0) (0,0,0,0) (0,0,0,0) (0,0,0,0) (0,0,0,0) (0,0,0,0)
(0,0,0,0) (0,0,0,0) (0,0,0,0) (0,0,0,0) (0,0,0,0) (0,0,0,0) (0,0,0,0) (0,0,0,0) (0,0,0,0) (0,0,0,0) (0,0,0,0) (0,0,0,0)
(0,0,0,0) (0,0,0,0) (0,0,0,0) (0,0,0,0) (0,0,0,0) (0,0,0,0) (0,0,0,0) (0,0,0,0) (0,0,0,0) (0,0,0,0) (0,0,0,0) (0,0,0,0)

# Layer z=7
(0,0,0,0) (0,0,0,0) (0,0,0,0) (0,0,0,0) (0,0,0,0) (0,0,0,0) (0,0,0,0) (0,0,0,0) (0,0,0,0) (0,0,0,0) (0,0,0,0) (0,0,0,0)
(0,0,0,0) (0,0,0,0) (0,0,0,0) (0,0,0,0) (0,0,0,0) (0,0,0,0) (0,0,0,0) (0,0,0,0) (0,0,0,0) (0,0,0,0) (0,0,0,0) (0,0,0,0)
(0,0,0,0) (0,0,0,0) (0,0,0,0) (0,0,0,0) (0,0,0,0) (0,0,0,0) (0,0,0,0) (0,0,0,0) (0,0,0,0) (0,0,0,0) (0,0,0,0) (0,0,0,0)
(80,117,218,255) (96,136,255,255) (0,0,0,0) (0,0,0,0) (0,0,0,0) (0,0,0,0) (0,0,0,0) (0,0,0,0) (0,0,0,0) (0,0,0,0) (96,136,255,255) (80,117,218,255)
(96,136,255,255) (255,200,35,255) (80,117,218,255) (80,117,218,255) (80,117,218,255) (80,117,218,255) (80,117,218,255) (80,117,218,255) (80,117,218,255) (80,117,218,255) (255,200,35,255) (96,136,255,255)
(0,0,0,0) (80,117,218,255) (255,200,35,255) (255,200,35,255) (255,200,35,255) (255,200,35,255) (255,200,35,255) (255,200,35,255) (255,200,35,255) (255,200,35,255) (80,117,218,255) (0,0,0,0)
(96,136,255,255) (255,200,35,255) (80,117,218,255) (80,117,218,255) (80,117,218,255) (80,117,218,255) (80,117,218,255) (80,117,218,255) (80,117,218,255) (80,117,218,255) (255,200,35,255) (96,136,255,255)
(80,117,218,255) (96,136,255,255) (0,0,0,0) (0,0,0,0) (0,0,0,0) (0,0,0,0) (0,0,0,0) (0,0,0,0) (0,0,0,0) (0,0,0,0) (96,136,255,255) (80,117,218,255)
(0,0,0,0) (0,0,0,0) (0,0,0,0) (0,0,0,0) (0,0,0,0) (0,0,0,0) (0,0,0,0) (0,0,0,0) (0,0,0,0) (0,0,0,0) (0,0,0,0) (0,0,0,0)
(0,0,0,0) (0,0,0,0) (0,0,0,0) (0,0,0,0) (0,0,0,0) (0,0,0,0) (0,0,0,0) (0,0,0,0) (0,0,0,0) (0,0,0,0) (0,0,0,0) (0,0,0,0)
(0,0,0,0) (0,0,0,0) (0,0,0,0) (0,0,0,0) (0,0,0,0) (0,0,0,0) (0,0,0,0) (0,0,0,0) (0,0,0,0) (0,0,0,0) (0,0,0,0) (0,0,0,0)
(0,0,0,0) (0,0,0,0) (0,0,0,0) (0,0,0,0) (0,0,0,0) (0,0,0,0) (0,0,0,0) (0,0,0,0) (0,0,0,0) (0,0,0,0) (0,0,0,0) (0,0,0,0)

# Layer z=8
(0,0,0,0) (0,0,0,0) (0,0,0,0) (0,0,0,0) (0,0,0,0) (0,0,0,0) (0,0,0,0) (0,0,0,0) (0,0,0,0) (0,0,0,0) (0,0,0,0) (0,0,0,0)
(0,0,0,0) (0,0,0,0) (0,0,0,0) (0,0,0,0) (0,0,0,0) (0,0,0,0) (0,0,0,0) (0,0,0,0) (0,0,0,0) (0,0,0,0) (0,0,0,0) (0,0,0,0)
(0,0,0,0) (0,0,0,0) (0,0,0,0) (0,0,0,0) (0,0,0,0) (0,0,0,0) (0,0,0,0) (0,0,0,0) (0,0,0,0) (0,0,0,0) (0,0,0,0) (0,0,0,0)
(80,117,218,255) (96,136,255,255) (96,136,255,255) (0,0,0,0) (0,0,0,0) (0,0,0,0) (0,0,0,0) (0,0,0,0) (0,0,0,0) (96,136,255,255) (96,136,255,255) (80,117,218,255)
(96,136,255,255) (255,200,35,255) (255,200,35,255) (80,117,218,255) (80,117,218,255) (80,117,218,255) (80,117,218,255) (80,117,218,255) (80,117,218,255) (255,200,35,255) (255,200,35,255) (96,136,255,255)
(0,0,0,0) (80,117,218,255) (255,200,35,255) (255,200,35,255) (255,200,35,255) (255,200,35,255) (255,200,35,255) (255,200,35,255) (255,200,35,255) (255,200,35,255) (80,117,218,255) (0,0,0,0)
(96,136,255,255) (255,200,35,255) (255,200,35,255) (80,117,218,255) (80,117,218,255) (80,117,218,255) (80,117,218,255) (80,117,218,255) (80,117,218,255) (255,200,35,255) (255,200,35,255) (96,136,255,255)
(80,117,218,255) (96,136,255,255) (96,136,255,255) (0,0,0,0) (0,0,0,0) (0,0,0,0) (0,0,0,0) (0,0,0,0) (0,0,0,0) (96,136,255,255) (96,136,255,255) (80,117,218,255)
(0,0,0,0) (0,0,0,0) (0,0,0,0) (0,0,0,0) (0,0,0,0) (0,0,0,0) (0,0,0,0) (0,0,0,0) (0,0,0,0) (0,0,0,0) (0,0,0,0) (0,0,0,0)
(0,0,0,0) (0,0,0,0) (0,0,0,0) (0,0,0,0) (0,0,0,0) (0,0,0,0) (0,0,0,0) (0,0,0,0) (0,0,0,0) (0,0,0,0) (0,0,0,0) (0,0,0,0)
(0,0,0,0) (0,0,0,0) (0,0,0,0) (0,0,0,0) (0,0,0,0) (0,0,0,0) (0,0,0,0) (0,0,0,0) (0,0,0,0) (0,0,0,0) (0,0,0,0) (0,0,0,0)
(0,0,0,0) (0,0,0,0) (0,0,0,0) (0,0,0,0) (0,0,0,0) (0,0,0,0) (0,0,0,0) (0,0,0,0) (0,0,0,0) (0,0,0,0) (0,0,0,0) (0,0,0,0)

# Layer z=9
(0,0,0,0) (0,0,0,0) (0,0,0,0) (0,0,0,0) (0,0,0,0) (0,0,0,0) (0,0,0,0) (0,0,0,0) (0,0,0,0) (0,0,0,0) (0,0,0,0) (0,0,0,0)
(0,0,0,0) (0,0,0,0) (0,0,0,0) (0,0,0,0) (0,0,0,0) (0,0,0,0) (0,0,0,0) (0,0,0,0) (0,0,0,0) (0,0,0,0) (0,0,0,0) (0,0,0,0)
(0,0,0,0) (0,0,0,0) (0,0,0,0) (0,0,0,0) (0,0,0,0) (0,0,0,0) (0,0,0,0) (0,0,0,0) (0,0,0,0) (0,0,0,0) (0,0,0,0) (0,0,0,0)
(0,0,0,0) (80,117,218,255) (96,136,255,255) (96,136,255,255) (0,0,0,0) (0,0,0,0) (0,0,0,0) (0,0,0,0) (96,136,255,255) (96,136,255,255) (80,117,218,255) (0,0,0,0)
(0,0,0,0) (96,136,255,255) (255,200,35,255) (255,200,35,255) (80,117,218,255) (80,117,218,255) (80,117,218,255) (80,117,218,255) (255,200,35,255) (255,200,35,255) (96,136,255,255) (0,0,0,0)
(0,0,0,0) (0,0,0,0) (80,117,218,255) (255,200,35,255) (255,200,35,255) (255,200,35,255) (255,200,35,255) (255,200,35,255) (255,200,35,255) (80,117,218,255) (0,0,0,0) (0,0,0,0)
(0,0,0,0) (96,136,255,255) (255,200,35,255) (255,200,35,255) (80,117,218,255) (80,117,218,255) (80,117,218,255) (80,117,218,255) (255,200,35,255) (255,200,35,255) (96,136,255,255) (0,0,0,0)
(0,0,0,0) (80,117,218,255) (96,136,255,255) (96,136,255,255) (0,0,0,0) (0,0,0,0) (0,0,0,0) (0,0,0,0) (96,136,255,255) (96,136,255,255) (80,117,218,255) (0,0,0,0)
(0,0,0,0) (0,0,0,0) (0,0,0,0) (0,0,0,0) (0,0,0,0) (0,0,0,0) (0,0,0,0) (0,0,0,0) (0,0,0,0) (0,0,0,0) (0,0,0,0) (0,0,0,0)
(0,0,0,0) (0,0,0,0) (0,0,0,0) (0,0,0,0) (0,0,0,0) (0,0,0,0) (0,0,0,0) (0,0,0,0) (0,0,0,0) (0,0,0,0) (0,0,0,0) (0,0,0,0)
(0,0,0,0) (0,0,0,0) (0,0,0,0) (0,0,0,0) (0,0,0,0) (0,0,0,0) (0,0,0,0) (0,0,0,0) (0,0,0,0) (0,0,0,0) (0,0,0,0) (0,0,0,0)
(0,0,0,0) (0,0,0,0) (0,0,0,0) (0,0,0,0) (0,0,0,0) (0,0,0,0) (0,0,0,0) (0,0,0,0) (0,0,0,0) (0,0,0,0) (0,0,0,0) (0,0,0,0)

# Layer z=10
(0,0,0,0) (0,0,0,0) (0,0,0,0) (0,0,0,0) (0,0,0,0) (0,0,0,0) (0,0,0,0) (0,0,0,0) (0,0,0,0) (0,0,0,0) (0,0,0,0) (0,0,0,0)
(0,0,0,0) (0,0,0,0) (0,0,0,0) (0,0,0,0) (0,0,0,0) (0,0,0,0) (0,0,0,0) (0,0,0,0) (0,0,0,0) (0,0,0,0) (0,0,0,0) (0,0,0,0)
(0,0,0,0) (0,0,0,0) (0,0,0,0) (0,0,0,0) (0,0,0,0) (0,0,0,0) (0,0,0,0) (0,0,0,0) (0,0,0,0) (0,0,0,0) (0,0,0,0) (0,0,0,0)
(0,0,0,0) (80,117,218,255) (80,117,218,255) (96,136,255,255) (96,136,255,255) (96,136,255,255) (96,136,255,255) (96,136,255,255) (96,136,255,255) (80,117,218,255) (80,117,218,255) (0,0,0,0)
(0,0,0,0) (96,136,255,255) (96,136,255,255) (255,200,35,255) (255,200,35,255) (255,200,35,255) (255,200,35,255) (255,200,35,255) (255,200,35,255) (96,136,255,255) (96,136,255,255) (0,0,0,0)
(0,0,0,0) (0,0,0,0) (0,0,0,0) (80,117,218,255) (80,117,218,255) (80,117,218,255) (80,117,218,255) (80,117,218,255) (80,117,218,255) (0,0,0,0) (0,0,0,0) (0,0,0,0)
(0,0,0,0) (96,136,255,255) (96,136,255,255) (255,200,35,255) (255,200,35,255) (255,200,35,255) (255,200,35,255) (255,200,35,255) (255,200,35,255) (96,136,255,255) (96,136,255,255) (0,0,0,0)
(0,0,0,0) (80,117,218,255) (80,117,218,255) (96,136,255,255) (96,136,255,255) (96,136,255,255) (96,136,255,255) (96,136,255,255) (96,136,255,255) (80,117,218,255) (80,117,218,255) (0,0,0,0)
(0,0,0,0) (0,0,0,0) (0,0,0,0) (0,0,0,0) (0,0,0,0) (0,0,0,0) (0,0,0,0) (0,0,0,0) (0,0,0,0) (0,0,0,0) (0,0,0,0) (0,0,0,0)
(0,0,0,0) (0,0,0,0) (0,0,0,0) (0,0,0,0) (0,0,0,0) (0,0,0,0) (0,0,0,0) (0,0,0,0) (0,0,0,0) (0,0,0,0) (0,0,0,0) (0,0,0,0)
(0,0,0,0) (0,0,0,0) (0,0,0,0) (0,0,0,0) (0,0,0,0) (0,0,0,0) (0,0,0,0) (0,0,0,0) (0,0,0,0) (0,0,0,0) (0,0,0,0) (0,0,0,0)
(0,0,0,0) (0,0,0,0) (0,0,0,0) (0,0,0,0) (0,0,0,0) (0,0,0,0) (0,0,0,0) (0,0,0,0) (0,0,0,0) (0,0,0,0) (0,0,0,0) (0,0,0,0)

# Layer z=11
(0,0,0,0) (0,0,0,0) (0,0,0,0) (0,0,0,0) (0,0,0,0) (0,0,0,0) (0,0,0,0) (0,0,0,0) (0,0,0,0) (0,0,0,0) (0,0,0,0) (0,0,0,0)
(0,0,0,0) (0,0,0,0) (0,0,0,0) (0,0,0,0) (0,0,0,0) (0,0,0,0) (0,0,0,0) (0,0,0,0) (0,0,0,0) (0,0,0,0) (0,0,0,0) (0,0,0,0)
(0,0,0,0) (0,0,0,0) (0,0,0,0) (0,0,0,0) (0,0,0,0) (0,0,0,0) (0,0,0,0) (0,0,0,0) (0,0,0,0) (0,0,0,0) (0,0,0,0) (0,0,0,0)
(0,0,0,0) (0,0,0,0) (0,0,0,0) (80,117,218,255) (80,117,218,255) (80,117,218,255) (80,117,218,255) (80,117,218,255) (80,117,218,255) (0,0,0,0) (0,0,0,0) (0,0,0,0)
(0,0,0,0) (0,0,0,0) (0,0,0,0) (96,136,255,255) (96,136,255,255) (96,136,255,255) (96,136,255,255) (96,136,255,255) (96,136,255,255) (0,0,0,0) (0,0,0,0) (0,0,0,0)
(0,0,0,0) (0,0,0,0) (0,0,0,0) (0,0,0,0) (0,0,0,0) (0,0,0,0) (0,0,0,0) (0,0,0,0) (0,0,0,0) (0,0,0,0) (0,0,0,0) (0,0,0,0)
(0,0,0,0) (0,0,0,0) (0,0,0,0) (96,136,255,255) (96,136,255,255) (96,136,255,255) (96,136,255,255) (96,136,255,255) (96,136,255,255) (0,0,0,0) (0,0,0,0) (0,0,0,0)
(0,0,0,0) (0,0,0,0) (0,0,0,0) (80,117,218,255) (80,117,218,255) (80,117,218,255) (80,117,218,255) (80,117,218,255) (80,117,218,255) (0,0,0,0) (0,0,0,0) (0,0,0,0)
(0,0,0,0) (0,0,0,0) (0,0,0,0) (0,0,0,0) (0,0,0,0) (0,0,0,0) (0,0,0,0) (0,0,0,0) (0,0,0,0) (0,0,0,0) (0,0,0,0) (0,0,0,0)
(0,0,0,0) (0,0,0,0) (0,0,0,0) (0,0,0,0) (0,0,0,0) (0,0,0,0) (0,0,0,0) (0,0,0,0) (0,0,0,0) (0,0,0,0) (0,0,0,0) (0,0,0,0)
(0,0,0,0) (0,0,0,0) (0,0,0,0) (0,0,0,0) (0,0,0,0) (0,0,0,0) (0,0,0,0) (0,0,0,0) (0,0,0,0) (0,0,0,0) (0,0,0,0) (0,0,0,0)
(0,0,0,0) (0,0,0,0) (0,0,0,0) (0,0,0,0) (0,0,0,0) (0,0,0,0) (0,0,0,0) (0,0,0,0) (0,0,0,0) (0,0,0,0) (0,0,0,0) (0,0,0,0)
