# Shape: (8, 8, 8)

# Layer z=0
(0,0,0,0) (255,131,160,255) (255,131,160,255) (0,0,0,0) (0,0,0,0) (255,131,160,255) (0,0,0,0) (0,0,0,0)
(0,0,0,0) (255,131,160,255) (255,131,160,255) (255,131,160,255) (255,131,160,255) (0,0,0,0) (0,0,0,0) (0,0,0,0)
(0,0,0,0) (0,0,0,0) (233,195,158,255) (233,195,158,255) (233,195,158,255) (233,195,158,255) (255,131,160,255) (0,0,0,0)
(0,0,0,0) (255,131,160,255) (233,195,158,255) (233,195,158,255) (233,195,158,255) (233,195,158,255) (255,131,160,255) (255,131,160,255)
(0,0,0,0) (0,0,0,0) (233,195,158,255) (233,195,158,255) (233,195,158,255) (233,195,158,255) (0,0,0,0) (0,0,0,0)
(255,131,160,255) (255,131,160,255) (233,195,158,255) (233,195,158,255) (233,195,158,255) (233,195,158,255) (255,131,160,255) (0,0,0,0)
(0,0,0,0) (255,131,160,255) (255,131,160,255) (255,131,160,255) (0,0,0,0) (255,131,160,255) (255,131,160,255) (0,0,0,0)
(0,0,0,0) (0,0,0,0) (0,0,0,0) (255,131,160,255) (255,131,160,255) (0,0,0,0) (0,0,0,0) (0,0,0,0)

# Layer z=1
(0,0,0,0) (0,0,0,0) (0,0,0,0) (0,0,0,0) (0,0,0,0) (0,0,0,0) (0,0,0,0) (0,0,0,0)
(0,0,0,0) (0,0,0,0) (0,0,0,0) (0,0,0,0) (0,0,0,0) (0,0,0,0) (0,0,0,0) (0,0,0,0)
(0,0,0,0) (0,0,0,0) (233,195,158,255) (233,195,158,255) (233,195,158,255) (233,195,158,255) (0,0,0,0) (0,0,0,0)
(0,0,0,0) (0,0,0,0) (233,195,158,255) (233,195,158,255) (233,195,158,255) (233,195,158,255) (0,0,0,0) (0,0,0,0)
(0,0,0,0) (0,0,0,0) (233,195,158,255) (233,195,158,255) (233,195,158,255) (233,195,158,255) (0,0,0,0) (0,0,0,0)
(0,0,0,0) (0,0,0,0) (233,195,158,255) (233,195,158,255) (233,195,158,255) (233,195,158,255) (0,0,0,0) (0,0,0,0)
(0,0,0,0) (0,0,0,0) (0,0,0,0) (0,0,0,0) (0,0,0,0) (0,0,0,0) (0,0,0,0) (0,0,0,0)
(0,0,0,0) (0,0,0,0) (0,0,0,0) (0,0,0,0) (0,0,0,0) (0,0,0,0) (0,0,0,0) (0,0,0,0)

# Layer z=2
(0,0,0,0) (0,0,0,0) (0,0,0,0) (0,0,0,0) (0,0,0,0) (0,0,0,0) (0,0,0,0) (0,0,0,0)
(0,0,0,0) (0,0,0,0) (0,0,0,0) (0,0,0,0) (0,0,0,0) (0,0,0,0) (0,0,0,0) (0,0,0,0)
(0,0,0,0) (0,0,0,0) (233,195,158,255) (233,195,158,255) (233,195,158,255) (233,195,158,255) (0,0,0,0) (0,0,0,0)
(0,0,0,0) (0,0,0,0) (233,195,158,255) (233,195,158,255) (233,195,158,255) (233,195,158,255) (0,0,0,0) (0,0,0,0)
(0,0,0,0) (0,0,0,0) (233,195,158,255) (233,195,158,255) (233,195,158,255) (233,195,158,255) (0,0,0,0) (0,0,0,0)
(0,0,0,0) (0,0,0,0) (233,195,158,255) (233,195,158,255) (233,195,158,255) (233,195,158,255) (0,0,0,0) (0,0,0,0)
(0,0,0,0) (0,0,0,0) (0,0,0,0) (0,0,0,0) (0,0,0,0) (0,0,0,0) (0,0,0,0) (0,0,0,0)
(0,0,0,0) (0,0,0,0) (0,0,0,0) (0,0,0,0) (0,0,0,0) (0,0,0,0) (0,0,0,0) (0,0,0,0)

# Layer z=3
(0,0,0,0) (96,136,255,255) (96,136,255,255) (96,136,255,255) (96,136,255,255) (96,136,255,255) (96,136,255,255) (0,0,0,0)
(96,136,255,255) (96,136,255,255) (96,136,255,255) (96,136,255,255) (96,136,255,255) (96,136,255,255) (96,136,255,255) (96,136,255,255)
(96,136,255,255) (96,136,255,255) (233,195,158,255) (233,195,158,255) (233,195,158,255) (233,195,158,255) (96,136,255,255) (96,136,255,255)
(96,136,255,255) (96,136,255,255) (233,195,158,255) (233,195,158,255) (233,195,158,255) (233,195,158,255) (96,136,255,255) (96,136,255,255)
(96,136,255,255) (96,136,255,255) (233,195,158,255) (233,195,158,255) (233,195,158,255) (233,195,158,255) (96,136,255,255) (96,136,255,255)
(96,136,255,255) (96,136,255,255) (233,195,158,255) (233,195,158,255) (233,195,158,255) (233,195,158,255) (96,136,255,255) (96,136,255,255)
(96,136,255,255) (96,136,255,255) (96,136,255,255) (96,136,255,255) (96,136,255,255) (96,136,255,255) (96,136,255,255) (96,136,255,255)
(0,0,0,0) (96,136,255,255) (96,136,255,255) (96,136,255,255) (96,136,255,255) (96,136,255,255) (96,136,255,255) (0,0,0,0)

# Layer z=4
(0,0,0,0) (96,136,255,255) (255,255,255,255) (96,136,255,255) (96,136,255,255) (96,136,255,255) (96,136,255,255) (0,0,0,0)
(96,136,255,255) (173,86,86,255) (173,86,86,255) (173,86,86,255) (173,86,86,255) (173,86,86,255) (173,86,86,255) (96,136,255,255)
(255,255,255,255) (173,86,86,255) (173,86,86,255) (173,86,86,255) (173,86,86,255) (173,86,86,255) (173,86,86,255) (255,255,255,255)
(96,136,255,255) (173,86,86,255) (173,86,86,255) (173,86,86,255) (173,86,86,255) (173,86,86,255) (173,86,86,255) (96,136,255,255)
(96,136,255,255) (173,86,86,255) (173,86,86,255) (173,86,86,255) (173,86,86,255) (173,86,86,255) (173,86,86,255) (96,136,255,255)
(96,136,255,255) (173,86,86,255) (173,86,86,255) (173,86,86,255) (173,86,86,255) (173,86,86,255) (173,86,86,255) (96,136,255,255)
(96,136,255,255) (173,86,86,255) (173,86,86,255) (173,86,86,255) (173,86,86,255) (173,86,86,255) (173,86,86,255) (96,136,255,255)
(0,0,0,0) (96,136,255,255) (96,136,255,255) (96,136,255,255) (96,136,255,255) (255,255,255,255) (96,136,255,255) (0,0,0,0)

# Layer z=5
(0,0,0,0) (96,136,255,255) (96,136,255,255) (96,136,255,255) (96,136,255,255) (96,136,255,255) (96,136,255,255) (0,0,0,0)
(96,136,255,255) (173,86,86,255) (173,86,86,255) (173,86,86,255) (173,86,86,255) (173,86,86,255) (173,86,86,255) (96,136,255,255)
(96,136,255,255) (173,86,86,255) (173,86,86,255) (173,86,86,255) (173,86,86,255) (173,86,86,255) (173,86,86,255) (96,136,255,255)
(96,136,255,255) (173,86,86,255) (173,86,86,255) (173,86,86,255) (173,86,86,255) (173,86,86,255) (173,86,86,255) (96,136,255,255)
(96,136,255,255) (173,86,86,255) (173,86,86,255) (173,86,86,255) (173,86,86,255) (173,86,86,255) (173,86,86,255) (96,136,255,255)
(255,255,255,255) (173,86,86,255) (173,86,86,255) (173,86,86,255) (173,86,86,255) (173,86,86,255) (173,86,86,255) (255,255,255,255)
(96,136,255,255) (173,86,86,255) (173,86,86,255) (173,86,86,255) (173,86,86,255) (173,86,86,255) (173,86,86,255) (96,136,255,255)
(0,0,0,0) (96,136,255,255) (96,136,255,255) (96,136,255,255) (96,136,255,255) (96,136,255,255) (96,136,255,255) (0,0,0,0)

# Layer z=6
(0,0,0,0) (96,136,255,255) (96,136,255,255) (96,136,255,255) (96,136,255,255) (255,255,255,255) (96,136,255,255) (0,0,0,0)
(96,136,255,255) (173,86,86,255) (173,86,86,255) (173,86,86,255) (173,86,86,255) (173,86,86,255) (173,86,86,255) (96,136,255,255)
(96,136,255,255) (173,86,86,255) (173,86,86,255) (173,86,86,255) (173,86,86,255) (173,86,86,255) (173,86,86,255) (96,136,255,255)
(96,136,255,255) (173,86,86,255) (173,86,86,255) (173,86,86,255) (173,86,86,255) (173,86,86,255) (173,86,86,255) (96,136,255,255)
(96,136,255,255) (173,86,86,255) (173,86,86,255) (173,86,86,255) (173,86,86,255) (173,86,86,255) (173,86,86,255) (96,136,255,255)
(96,136,255,255) (173,86,86,255) (173,86,86,255) (173,86,86,255) (173,86,86,255) (173,86,86,255) (173,86,86,255) (96,136,255,255)
(96,136,255,255) (173,86,86,255) (173,86,86,255) (173,86,86,255) (173,86,86,255) (173,86,86,255) (173,86,86,255) (96,136,255,255)
(0,0,0,0) (96,136,255,255) (255,255,255,255) (96,136,255,255) (96,136,255,255) (96,136,255,255) (96,136,255,255) (0,0,0,0)

# Layer z=7
(0,0,0,0) (0,0,0,0) (0,0,0,0) (0,0,0,0) (0,0,0,0) (0,0,0,0) (0,0,0,0) (0,0,0,0)
(0,0,0,0) (96,136,255,255) (96,136,255,255) (96,136,255,255) (96,136,255,255) (96,136,255,255) (96,136,255,255) (0,0,0,0)
(0,0,0,0) (96,136,255,255) (255,255,255,255) (96,136,255,255) (96,136,255,255) (96,136,255,255) (96,136,255,255) (0,0,0,0)
(0,0,0,0) (96,136,255,255) (96,136,255,255) (96,136,255,255) (96,136,255,255) (96,136,255,255) (255,255,255,255) (0,0,0,0)
(0,0,0,0) (96,136,255,255) (96,136,255,255) (96,136,255,255) (96,136,255,255) (96,136,255,255) (96,136,255,255) (0,0,0,0)
(0,0,0,0) (96,136,255,255) (96,136,255,255) (96,136,255,255) (255,255,255,255) (96,136,255,255) (96,136,255,255) (0,0,0,0)
(0,0,0,0) (96,136,255,255) (96,136,255,255) (96,136,255,255) (96,136,255,255) (96,136,255,255) (96,136,255,255) (0,0,0,0)
(0,0,0,0) (0,0,0,0) (0,0,0,0) (0,0,0,0) (0,0,0,0) (0,0,0,0) (0,0,0,0) (0,0,0,0)
